Barker2_1=[1 -1];
Barker2_2=[1 1];
Barker3=[1 1 -1];
Barker4_1=[1 1 -1 1];
Barker4_2=[1 1 1 -1];
Barker5=[1 1 1 -1 1];
Barker7=[1 1 1 -1 -1 1 -1];
Barker11=[1 1 1 -1 -1 -1 1 -1 -1 1 -1];
Barker13=[1 1 1 1 1 -1 -1 1 1 -1 1 -1 1];